# Contactos personales — el bot NO responde a estos números
# Generado automáticamente desde agenda del teléfono (14/6/2026)
# Para regenerar: node scripts/parse-vcf.js ruta/Contactos.vcf
# Formato: número sin + ni espacios. Argentina móvil = 549 + número de 10 dígitos
# Ejemplo: +54 9 388 852-9249 → 5493888529249
# Agregar un número tiene efecto inmediato, sin reiniciar el bot.

111532628053
11227087
11532335808
116611585
1300374717001
13055865381
15549186
18328775847
19292649340
20167808418
20186260822
20232818
20329506950
22935591
23294305599
260498429
26793005
27126493288
27276817936
27511083791
27681794
2914403605
30717624897
31202280
320409416680426
320409424614019
329004848104016
32904847381379
34130268757
34600209076
34604140490
34610293856
34624125949
34658636866
385866207
388154382774
388154865146
388155009452
388235200
388341479
38844875488
38846141730
388586401
38865174429
38885410995
393494356453
393497022090
405122651396
410003472003
420009471225611
420009493673678
420400084526034
420409460319963
420409464634392
420409467659851
420409468910777
420409522762603
420409536626355
420409541449679
44815697
460000102072902
460909522813448
495619324136
51961729269
53805552
5411100005
5491111111111
5491121560196
5491121594741
5491121693419
5491121901882
5491125652770
5491126218180
5491126861466
5491127367588
5491127691812
5491130479145
5491131002222
5491132992792
5491133806493
5491134093777
5491136428877
5491136454616
5491136537185
5491136835472
5491137618060
5491138476045
5491139432217
5491140355912
5491140363258
5491140429469
5491140878806
5491141427497
5491141586080
549114184650
5491144382850
5491144487009
5491144499939
5491144922042
5491147717794
5491150046493
5491151117263
5491151791601
5491153202421
5491153372650
5491154615177
5491154750256
5491155016998
5491155662843
5491155841326
5491157279080
5491157697215
5491158064372
5491158528607
5491159488010
5491160199037
5491160388170
5491160445257
5491161536791
5491161739302
5491161940093
5491162125839
5491162676211
5491162781660
5491162900860
5491163530615
5491164293666
5491164401234
5491164448555
5491164541044
5491164725906
5491165981515
5491166827800
5491167188559
5491168034466
5491168072698
5491168628344
5491171950001
5491171950002
5491177168612
5492214958521
5492255535504
5492604569477
5492614058333
5492616581365
5492622607689
5492664563103
5492665002770
5492932521471
5492942591709
5492944680874
5492944913013
5492966219137
5492984709845
5492994511093
5492994733223
5492995332195
5492995517306
5493329400638
5493415803497
5493416227148
5493424212875
5493434382271
5493434540634
5493434604773
5493434732520
5493446308067
5493512004385
5493512068232
5493512122856
5493512403261
5493512444018
5493512469113
5493513063351
5493513221117
5493513417015
5493513431797
5493513513704
5493513854077
5493515146072
5493515181713
5493515948675
5493516067707
5493516115751
5493516216220
5493516763272
5493516806094
5493516875387
5493516953451
5493517135654
5493541382554
5493543634372
5493544523234
5493546406566
5493549430629
5493624647534
5493751418490
5493757341725
5493794542894
5493812137796
5493812371473
5493813000632
5493813024530
5493813311198
5493813312280
5493813477533
5493813498871
5493813507953
5493813528234
5493813582052
5493813666236
5493813666451
5493813954833
5493814046342
5493814120748
5493814190201
5493814204730
5493814248777
5493814435084
5493814440515
5493814447888
5493814466644
5493814481872
5493814493190
5493814501000
5493814636364
5493814728698
5493814763045
5493814880301
5493814915272
5493814962748
5493815003007
5493815019840
5493815020999
5493815076948
5493815094362
5493815171122
5493815177325
5493815232076
5493815263503
5493815264105
5493815330553
5493815350991
5493815390535
5493815390767
5493815498713
5493815505475
5493815548252
5493815549087
5493815658404
5493815679535
5493815765013
5493815787877
5493815789050
5493815790286
5493815895393
5493815946944
5493815948682
5493815981491
5493816040204
5493816092581
5493816094138
5493816240827
5493816288837
5493816401342
5493816420249
5493816429248
5493816499261
5493816528729
5493816643477
5493816658460
5493816664690
5493816668226
5493816784758
5493816814630
5493816816514
5493816890294
5493834301505
5493854082462
5493865505700
5493868421328
5493868639800
5493872100517
5493872103351
5493872213047
5493872213755
5493872216550
5493872252400
5493873001248
5493873084059
5493873108732
5493873121431
5493873276061
5493873424518
5493873519442
5493873551164
5493873655580
5493873663026
5493873666471
5493874068999
5493874089411
5493874097878
5493874187474
5493874217342
5493874220842
5493874223300
5493874231725
5493874311977
5493874317410
5493874400679
5493874405574
5493874417733
5493874436802
5493874437597
5493874445387
5493874448451
5493874454349
5493874469337
5493874473549
5493874504549
5493874514617
5493874529662
5493874541691
5493874559301
5493874563593
5493874590709
5493874596631
5493874620212
5493874657488
5493874660383
5493874681938
5493874690120
5493874752017
5493874757905
5493874771543
5493874799014
5493874830497
5493874869003
5493874897409
5493875020213
5493875053836
5493875060722
5493875090615
5493875090805
5493875101413
5493875113469
5493875163265
5493875171101
5493875172140
5493875172892
5493875179566
5493875182129
5493875183604
5493875187886
5493875319828
5493875328194
5493875348809
5493875349557
5493875351420
5493875396118
5493875541805
5493875758600
5493875767494
5493875769523
5493875786553
5493875847801
5493875848421
5493875853428
5493875893877
5493875908103
5493876124853
5493876124876
5493876236110
5493876296832
5493876452444
5493876580071
5493876830086
5493876841609
5493878200128
5493878572800
5493883103382
5493883124287
5493883125547
5493883132001
5493883135700
5493883148676
5493883154325
5493883293901
5493883295236
5493883299322
5493883306866
5493883312870
5493883322647
5493883344284
5493883350408
5493883367846
5493883369646
5493883376162
5493883420630
5493883505958
5493883506241
5493883520000
5493884040062
5493884040802
5493884040935
5493884041452
5493884041920
5493884042073
5493884042154
5493884042282
5493884042430
5493884043216
5493884044235
5493884045207
5493884046331
5493884046482
5493884046553
5493884047128
5493884048628
5493884070155
5493884073971
5493884074027
5493884075528
5493884075619
5493884075965
5493884077147
5493884077306
5493884077315
5493884077951
5493884079330
5493884080191
5493884081708
5493884082595
5493884082920
5493884083545
5493884083849
5493884084933
5493884086074
5493884087868
5493884087900
5493884088275
5493884088732
5493884089246
5493884090094
5493884091606
5493884092693
5493884093388
5493884096172
5493884097582
5493884098429
5493884098436
5493884100767
5493884102142
5493884102982
5493884105001
5493884107749
5493884121552
5493884126016
5493884126694
5493884129585
5493884131530
5493884131890
5493884132581
5493884132946
5493884133456
5493884135682
5493884135813
5493884136116
5493884137063
5493884139003
5493884143393
5493884143778
5493884143803
5493884144889
5493884146112
5493884146140
5493884146496
5493884148205
5493884151517
5493884156341
5493884164075
5493884168888
5493884171978
5493884172959
5493884173977
5493884174075
5493884176745
5493884179719
5493884191166
5493884197496
5493884204138
5493884206928
5493884210020
5493884211955
5493884212071
5493884212490
5493884212756
5493884217688
5493884219259
5493884222244
5493884222599
5493884223948
5493884224848
5493884225020
5493884225480
5493884226010
5493884226662
5493884228004
5493884228685
5493884231030
5493884231086
5493884231096
5493884231164
5493884231183
5493884231571
5493884231880
5493884231888
5493884232114
5493884232126
5493884233956
5493884234246
5493884237800
5493884239600
5493884240004
5493884241888
5493884244335
5493884252741
5493884258883
5493884264624
5493884268753
5493884289365
5493884291563
5493884292916
5493884293369
5493884293815
5493884295214
5493884298030
5493884302894
5493884303177
5493884304485
5493884305289
5493884308816
5493884310559
5493884310678
5493884314414
5493884315604
5493884320251
5493884324510
5493884324711
5493884325356
5493884328618
5493884331040
5493884332209
5493884333274
5493884335125
5493884338448
5493884343075
5493884345905
5493884348983
5493884349797
5493884351130
5493884353730
5493884368414
5493884370182
5493884371127
5493884371456
5493884375313
5493884375436
5493884375684
5493884376550
5493884378968
5493884380953
5493884382774
5493884384190
5493884386901
5493884390109
5493884390265
5493884391717
5493884393303
5493884395074
5493884395455
5493884397345
5493884405917
5493884409541
5493884414225
5493884417777
5493884427016
5493884427044
5493884429454
5493884430320
5493884431317
5493884435476
5493884440067
5493884441381
5493884458199
5493884470760
5493884475563
5493884477044
5493884482820
5493884485203
5493884495692
5493884496339
5493884497417
5493884537033
5493884539431
5493884543890
5493884559840
5493884570789
5493884576720
5493884581033
5493884589408
5493884603070
5493884604604
5493884605610
5493884607759
5493884607868
5493884608081
5493884610780
5493884612030
5493884612592
5493884613738
5493884617000
5493884618228
5493884622845
5493884624099
5493884626064
5493884626643
5493884627684
5493884633392
5493884639957
5493884640222
5493884640749
5493884650008
5493884653417
5493884655371
5493884660918
5493884683914
5493884696699
5493884700155
5493884702374
5493884703600
5493884709704
5493884710832
5493884717022
5493884718088
5493884718184
5493884722261
5493884724915
5493884726555
5493884727706
5493884733216
5493884743855
5493884746630
5493884747204
5493884749629
5493884754023
5493884757951
5493884759898
5493884762059
5493884764272
5493884765402
5493884765921
5493884766142
5493884767686
5493884774763
5493884775498
5493884777178
5493884782031
5493884785017
5493884787250
5493884787903
5493884789477
5493884791043
5493884791709
5493884800283
5493884801299
5493884802358
5493884804217
5493884805790
5493884807630
5493884809670
5493884834096
5493884841648
5493884841976
5493884843030
5493884844653
5493884845222
5493884849148
5493884851322
5493884851681
5493884852024
5493884856409
5493884859856
5493884860518
5493884860954
5493884864195
5493884868148
5493884868459
5493884869870
5493884870885
5493884871917
5493884872007
5493884872204
5493884875148
5493884875203
5493884878691
5493884879984
5493884881245
5493884882288
5493884886041
5493884895317
5493884911218
5493884911960
5493884912930
5493884962852
5493884969211
5493884972183
5493884976050
5493884976173
5493884976531
5493884977335
5493885000143
5493885000299
5493885000330
5493885004670
5493885005790
5493885006612
5493885007515
5493885010341
5493885011220
5493885012344
5493885015819
5493885016852
5493885016925
5493885019585
5493885028787
5493885031703
5493885045192
5493885046706
5493885047223
5493885052195
5493885054779
5493885059579
5493885060382
5493885061044
5493885061046
5493885061193
5493885069823
5493885072233
5493885072848
5493885080322
5493885081360
5493885082487
5493885083703
5493885086269
5493885088230
5493885088830
5493885090498
5493885093793
5493885097022
5493885098931
5493885121964
5493885127585
5493885130773
5493885133573
5493885139986
5493885144095
5493885144788
5493885146446
5493885148713
5493885163502
5493885165879
5493885168966
5493885171335
5493885174429
5493885187765
5493885188594
5493885192032
5493885192399
5493885198289
5493885199431
5493885203524
5493885203654
5493885207679
5493885212288
5493885215192
5493885221615
5493885222752
5493885228848
5493885238318
5493885240441
5493885267328
5493885277770
5493885286480
5493885289392
5493885302816
5493885306260
5493885400551
5493885406327
5493885473539
5493885628075
5493885701658
5493885704509
5493885704837
5493885706917
5493885709673
5493885716613
5493885718471
5493885722985
5493885723113
5493885724036
5493885724060
5493885724494
5493885724951
5493885724960
5493885725125
5493885726951
5493885729781
5493885731345
5493885732124
5493885737983
5493885738511
5493885738842
5493885740020
5493885740492
5493885741054
5493885743742
5493885745935
5493885750146
5493885752326
5493885756372
5493885756378
5493885757796
5493885758885
5493885762356
5493885764094
5493885764606
5493885764752
5493885766007
5493885776827
5493885790283
5493885792695
5493885801177
5493885801591
5493885802247
5493885803188
5493885805513
5493885805555
5493885807329
5493885807362
5493885809507
5493885809807
5493885811664
5493885813033
5493885813216
5493885813683
5493885816078
5493885824910
5493885826303
5493885826420
5493885826622
5493885827009
5493885827649
5493885830122
5493885834427
5493885836400
5493885842787
5493885843642
5493885846550
5493885848632
5493885860101
5493885863373
5493885864978
5493885865312
5493885866401
5493885869918
5493885875116
5493885878261
5493885878580
5493885879169
5493885879500
5493885879910
5493885885187
5493885885683
5493885890150
5493885890207
5493885893923
5493885897001
5493885898502
5493885902731
5493885906368
5493885963023
5493885978907
5493885998587
5493886016937
5493886026771
5493886058299
5493886075198
5493886076814
5493886081510
5493886094009
5493886368279
5493886369609
5493886402602
5493886412116
5493886412376
5493886416430
5493886418992
5493886423713
5493886429426
5493886441818
5493886447240
5493886455867
5493886456852
5493886466830
5493886470060
5493886470196
5493886471468
5493886498131
5493886509273
5493886514490
5493886516591
5493886519742
5493886523785
5493886525818
5493886526117
5493886528848
5493886531077
5493886544491
5493886545712
5493886555628
5493886572775
5493886578972
5493886579014
5493886598822
5493886599168
5493886599190
5493886630696
5493886636308
5493886640311
5493886650404
5493886650479
5493886650903
5493886652210
5493886652475
5493886652688
5493886653436
5493886656308
5493886657191
5493886820505
5493886820668
5493886821006
5493886822061
5493886822132
5493886822560
5493886823535
5493886824385
5493886825059
5493886826920
5493886827717
5493886829293
5493886850202
5493886850396
5493886850840
5493886852461
5493886853286
5493886853289
5493886855672
5493886856077
5493886856658
5493886858575
5493886859688
5493886860908
5493886862268
5493886864917
5493886865869
5493886865873
5493886866841
5493886868698
5493886869474
5493886869747
5493886869766
5493887401786
5493887471669
5493887471919
5493887630001
5493888200019
5493888200341
5493888200590
5493888202177
5493888204094
5493888222222
5493888305017
5493888305066
5493888305209
5493888305289
5493888305358
5493888305434
5493888305881
5493888305930
5493888306393
5493888306703
5493888306907
5493888307830
5493888307867
5493888307913
5493888308221
5493888308246
5493888309045
5493888309061
5493888309640
5493888310399
5493888310693
5493888310756
5493888311072
5493888311320
5493888313533
5493888315127
5493888316126
5493888316233
5493888316392
5493888316832
5493888317473
5493888318237
5493888318380
5493888318393
5493888319846
5493888319857
5493888339527
5493888341292
5493888341479
5493888341709
5493888342735
5493888342787
5493888347193
5493888360024
5493888360360
5493888366469
5493888368792
5493888369964
5493888400007
5493888400059
5493888400528
5493888400546
5493888400664
5493888400742
5493888400817
5493888400846
5493888401290
5493888401399
5493888401642
5493888401691
5493888401794
5493888401872
5493888402139
5493888402142
5493888402207
5493888402443
5493888402493
5493888402510
5493888402837
5493888402942
5493888403133
5493888403180
5493888403296
5493888403374
5493888403457
5493888403540
5493888403828
5493888404199
5493888404414
5493888404447
5493888404455
5493888404795
5493888405512
5493888405529
5493888405563
5493888405647
5493888405685
5493888405749
5493888405914
5493888405917
5493888406161
5493888406220
5493888406222
5493888406276
5493888406609
5493888406688
5493888406932
5493888407223
5493888407341
5493888407368
5493888407472
5493888407474
5493888407636
5493888407828
5493888408024
5493888408794
5493888408834
5493888409000
5493888409445
5493888409629
5493888409799
5493888409829
5493888409901
5493888409907
5493888410364
5493888410632
5493888410658
5493888410825
5493888410995
5493888411007
5493888411020
5493888411022
5493888411131
5493888411193
5493888411634
5493888411722
5493888411987
5493888412062
5493888412064
5493888412115
5493888412122
5493888412284
5493888412395
5493888412499
5493888412793
5493888412990
5493888413119
5493888413351
5493888414063
5493888414451
5493888414658
5493888414913
5493888415119
5493888415122
5493888415494
5493888415904
5493888416252
5493888416315
5493888416325
5493888416382
5493888416623
5493888416665
5493888416682
5493888416766
5493888416910
5493888416934
5493888417082
5493888417085
5493888417152
5493888417281
5493888417371
5493888417592
5493888417739
5493888418065
5493888418195
5493888418201
5493888418401
5493888418635
5493888418796
5493888418836
5493888419330
5493888419352
5493888419623
5493888419643
5493888419805
5493888420031
5493888420077
5493888420103
5493888420120
5493888420213
5493888420385
5493888420446
5493888420552
5493888420620
5493888420694
5493888421252
5493888421321
5493888421462
5493888421557
5493888421559
5493888421618
5493888422261
5493888422274
5493888422798
5493888422926
5493888423086
5493888423288
5493888423424
5493888423628
5493888425011
5493888425372
5493888425376
5493888425552
5493888425868
5493888425901
5493888426498
5493888426606
5493888426780
5493888427404
5493888428568
5493888428694
5493888428710
5493888429010
5493888430480
5493888430818
5493888430975
5493888431061
5493888431103
5493888431104
5493888431105
5493888431160
5493888431699
5493888432173
5493888432476
5493888432536
5493888432581
5493888432690
5493888432737
5493888432891
5493888433006
5493888433019
5493888433043
5493888433102
5493888433145
5493888433251
5493888433541
5493888433934
5493888433979
5493888434229
5493888434425
5493888435476
5493888435587
5493888435607
5493888435645
5493888435697
5493888436055
5493888436267
5493888436377
5493888436422
5493888436592
5493888436600
5493888437093
5493888437443
5493888437487
5493888437552
5493888437719
5493888437960
5493888438223
5493888438299
5493888438813
5493888439031
5493888439362
5493888439571
5493888440064
5493888440138
5493888440366
5493888440384
5493888440558
5493888440627
5493888441107
5493888441491
5493888441603
5493888441710
5493888441756
5493888441838
5493888442061
5493888442592
5493888442740
5493888442755
5493888443131
5493888443264
5493888443321
5493888443342
5493888443386
5493888443454
5493888443795
5493888443893
5493888444072
5493888444752
5493888445262
5493888445420
5493888445794
5493888445803
5493888446643
5493888446648
5493888446700
5493888446965
5493888447121
5493888447378
5493888447515
5493888447546
5493888448312
5493888448367
5493888448518
5493888448547
5493888448648
5493888448850
5493888449211
5493888449275
5493888449382
5493888449436
5493888449441
5493888449742
5493888449865
5493888450751
5493888450844
5493888450894
5493888450930
5493888451058
5493888451111
5493888451136
5493888451182
5493888451655
5493888451776
5493888452074
5493888452075
5493888452379
5493888452489
5493888452520
5493888452887
5493888452999
5493888453313
5493888453514
5493888453542
5493888453804
5493888453834
5493888453941
5493888454150
5493888454196
5493888454219
5493888454239
5493888454448
5493888454616
5493888454664
5493888454882
5493888455006
5493888455099
5493888455102
5493888455161
5493888455612
5493888455723
5493888455785
5493888456061
5493888456103
5493888456110
5493888456453
5493888456554
5493888457654
5493888457710
5493888457907
5493888457940
5493888458037
5493888458209
5493888458361
5493888458749
5493888459438
5493888459471
5493888459493
5493888459871
5493888460158
5493888460270
5493888460480
5493888460575
5493888460851
5493888461243
5493888461421
5493888461776
5493888461786
5493888462499
5493888462591
5493888462775
5493888462787
5493888462841
5493888462901
5493888463435
5493888464416
5493888464491
5493888464495
5493888464565
5493888464799
5493888465306
5493888465531
5493888465818
5493888465999
5493888466149
5493888466908
5493888467922
5493888468244
5493888468514
5493888468758
5493888468794
5493888469171
5493888469311
5493888469369
5493888469761
5493888473285
5493888473366
5493888473560
5493888473641
5493888473888
5493888473916
5493888474216
5493888474943
5493888475137
5493888476302
5493888476345
5493888476414
5493888476838
5493888476840
5493888476841
5493888476842
5493888476857
5493888480686
5493888484072
5493888484202
5493888484274
5493888484465
5493888484484
5493888484520
5493888484580
5493888484816
5493888485011
5493888485035
5493888485161
5493888485215
5493888485221
5493888485359
5493888485421
5493888485595
5493888485629
5493888485728
5493888485813
5493888485891
5493888488020
5493888488036
5493888488039
5493888488170
5493888488248
5493888488298
5493888488321
5493888488677
5493888488770
5493888488817
5493888489405
5493888489417
5493888489447
5493888489626
5493888489898
5493888489939
5493888500003
5493888500450
5493888501220
5493888501453
5493888501573
5493888501790
5493888501890
5493888502140
5493888502401
5493888502419
5493888502696
5493888502851
5493888502878
5493888502906
5493888502951
5493888503474
5493888503549
5493888503638
5493888504504
5493888504541
5493888504603
5493888504659
5493888504872
5493888504938
5493888505031
5493888505235
5493888505815
5493888506018
5493888506236
5493888506561
5493888506633
5493888506977
5493888507540
5493888507833
5493888507860
5493888508889
5493888509016
5493888509946
5493888509995
5493888510050
5493888510069
5493888510198
5493888510319
5493888510596
5493888510776
5493888511316
5493888511417
5493888511432
5493888511449
5493888511558
5493888511781
5493888511914
5493888511934
5493888511997
5493888512010
5493888512408
5493888512739
5493888512769
5493888512968
5493888513016
5493888513184
5493888513328
5493888513750
5493888514130
5493888514504
5493888514606
5493888514637
5493888515152
5493888515202
5493888515354
5493888515368
5493888515379
5493888515438
5493888515454
5493888515502
5493888515712
5493888515816
5493888515852
5493888515951
5493888516049
5493888516135
5493888516147
5493888516157
5493888516204
5493888516256
5493888516308
5493888516311
5493888516440
5493888516513
5493888516677
5493888516846
5493888517499
5493888517506
5493888517670
5493888517696
5493888518244
5493888518868
5493888518968
5493888519767
5493888519769
5493888519829
5493888519871
5493888519883
5493888519884
5493888520075
5493888520232
5493888521287
5493888521444
5493888521485
5493888521527
5493888521569
5493888521698
5493888521711
5493888521835
5493888522644
5493888522736
5493888522820
5493888522986
5493888523244
5493888523315
5493888523362
5493888523446
5493888523709
5493888523911
5493888524087
5493888524101
5493888524159
5493888524189
5493888524250
5493888524260
5493888524331
5493888524370
5493888524606
5493888524996
5493888525282
5493888525639
5493888525683
5493888525915
5493888526236
5493888526845
5493888527348
5493888527726
5493888527863
5493888528229
5493888528346
5493888528364
5493888528369
5493888528370
5493888528656
5493888528712
5493888528809
5493888528954
5493888529247
5493888529249
5493888529724
5493888529922
5493888530375
5493888530411
5493888530504
5493888530505
5493888530948
5493888532214
5493888532302
5493888533950
5493888534173
5493888534202
5493888536046
5493888536555
5493888537071
5493888537168
5493888537253
5493888537354
5493888539291
5493888540612
5493888541027
5493888541126
5493888541317
5493888541354
5493888541899
5493888542879
5493888542939
5493888542953
5493888542980
5493888543012
5493888543201
5493888543389
5493888543526
5493888543795
5493888543798
5493888543829
5493888543858
5493888544515
5493888544623
5493888544842
5493888545422
5493888545563
5493888546378
5493888546655
5493888546946
5493888547151
5493888547795
5493888548574
5493888548696
5493888548905
5493888549129
5493888549186
5493888549212
5493888549713
5493888549878
5493888550113
5493888550144
5493888550179
5493888550198
5493888550220
5493888550417
5493888550565
5493888550844
5493888551012
5493888551552
5493888551878
5493888552411
5493888552515
5493888552516
5493888552859
5493888552872
5493888552880
5493888552913
5493888553088
5493888554084
5493888554359
5493888554383
5493888554595
5493888555270
5493888555458
5493888555986
5493888555999
5493888556640
5493888556781
5493888556838
5493888556936
5493888557171
5493888557626
5493888557861
5493888557957
5493888558258
5493888558495
5493888558585
5493888559416
5493888559945
5493888560107
5493888560528
5493888560806
5493888560875
5493888560990
5493888561145
5493888561268
5493888561284
5493888561374
5493888561941
5493888562109
5493888562256
5493888563013
5493888563044
5493888563060
5493888563367
5493888563465
5493888563667
5493888563704
5493888563802
5493888564004
5493888564288
5493888564358
5493888564715
5493888564724
5493888565225
5493888565461
5493888565632
5493888565905
5493888566071
5493888566088
5493888566570
5493888567167
5493888567201
5493888567381
5493888567400
5493888567713
5493888567880
5493888568447
5493888568557
5493888568666
5493888569086
5493888569192
5493888569358
5493888569713
5493888569842
5493888569994
5493888570063
5493888570268
5493888570271
5493888570807
5493888570878
5493888570928
5493888571195
5493888571289
5493888571396
5493888571397
5493888571682
5493888571798
5493888572055
5493888572987
5493888573318
5493888573345
5493888573670
5493888575970
5493888576916
5493888581763
5493888583033
5493888583457
5493888583904
5493888584754
5493888585745
5493888600020
5493888600071
5493888600384
5493888600991
5493888601063
5493888601356
5493888601652
5493888601824
5493888601884
5493888601960
5493888602334
5493888602425
5493888602560
5493888604084
5493888604114
5493888604253
5493888604347
5493888604418
5493888605812
5493888605857
5493888606117
5493888606163
5493888606294
5493888606441
5493888606583
5493888606682
5493888606803
5493888607111
5493888607193
5493888607332
5493888607349
5493888607628
5493888608003
5493888608240
5493888608267
5493888609007
5493888609025
5493888609536
5493888609626
5493888609720
5493888609797
5493888610013
5493888610189
5493888610440
5493888610644
5493888611031
5493888611122
5493888611472
5493888611708
5493888611854
5493888611962
5493888612309
5493888612403
5493888612673
5493888612703
5493888612886
5493888613065
5493888613131
5493888613602
5493888613624
5493888614784
5493888615240
5493888615568
5493888615637
5493888615638
5493888615742
5493888616106
5493888616300
5493888616663
5493888617061
5493888617086
5493888617087
5493888617845
5493888618146
5493888618302
5493888618822
5493888619586
5493888619622
5493888619808
5493888626836
5493888627809
5493888628775
5493888630100
5493888630122
5493888630199
5493888630485
5493888630546
5493888631901
5493888632079
5493888632165
5493888632199
5493888632233
5493888633210
5493888633336
5493888633436
5493888634133
5493888634808
5493888635076
5493888635231
5493888635623
5493888636037
5493888637752
5493888638754
5493888638765
5493888638844
5493888639066
5493888639187
5493888639507
5493888639831
5493888640290
5493888640671
5493888642253
5493888643129
5493888644244
5493888644935
5493888646364
5493888646960
5493888647671
5493888648641
5493888649244
5493888649734
5493888650000
5493888650119
5493888650321
5493888650500
5493888650666
5493888650686
5493888650758
5493888650850
5493888650869
5493888650936
5493888650969
5493888651475
5493888651918
5493888652060
5493888654077
5493888654089
5493888654145
5493888654502
5493888655389
5493888656548
5493888656563
5493888656812
5493888657024
5493888657101
5493888657146
5493888657196
5493888657248
5493888657274
5493888657376
5493888657538
5493888657631
5493888657786
5493888657805
5493888658041
5493888658051
5493888658102
5493888658114
5493888658202
5493888658251
5493888658305
5493888658349
5493888658439
5493888658508
5493888658548
5493888658637
5493888658646
5493888658804
5493888658866
5493888659114
5493888659268
5493888659379
5493888659389
5493888659469
5493888659510
5493888659593
5493888659635
5493888659747
5493888659892
5493888660010
5493888660167
5493888660239
5493888660261
5493888660427
5493888660488
5493888660862
5493888661113
5493888661195
5493888661309
5493888661546
5493888661634
5493888661709
5493888661727
5493888661896
5493888661984
5493888662012
5493888662470
5493888662555
5493888662789
5493888662801
5493888662916
5493888662933
5493888662986
5493888663075
5493888663300
5493888663348
5493888663512
5493888663916
5493888664367
5493888664407
5493888664541
5493888664580
5493888664909
5493888664922
5493888664985
5493888665037
5493888665229
5493888665232
5493888665646
5493888666020
5493888666091
5493888666185
5493888666231
5493888666492
5493888667229
5493888667356
5493888667408
5493888667749
5493888668162
5493888668218
5493888668403
5493888668676
5493888669002
5493888669122
5493888669234
5493888669343
5493888669438
5493888669439
5493888669841
5493888670555
5493888670558
5493888670683
5493888672210
5493888672514
5493888672568
5493888673322
5493888673858
5493888673869
5493888674226
5493888674506
5493888675087
5493888675221
5493888675485
5493888675578
5493888675625
5493888676182
5493888676258
5493888676286
5493888676528
5493888676591
5493888676811
5493888676843
5493888676933
5493888677300
5493888677431
5493888677616
5493888677995
5493888678206
5493888678350
5493888679371
5493888680572
5493888681577
5493888681975
5493888683031
5493888683485
5493888684040
5493888684317
5493888684800
5493888685502
5493888685589
5493888685764
5493888686203
5493888686249
5493888686312
5493888687475
5493888687841
5493888687864
5493888687999
5493888689002
5493888689026
549424867
5494382279
5495494975614
5496498131
5498008880077
5498438299
59172349127
6874217342
7462045094
75909549
76739136
8001990200
8004440206
8005553569
8101222225
99911463682
